75x60 | 40,29 | 00000,00000,00W00,10001,00000 | 39
73x66 | 37,33 | 00110,00101,10W10,00000,00000 | 32
80x72 | 38,35 | 00010,10100,01W10,00000,10000 | 69
56x56 | 28,30 | 10001,00001,00W00,00111,00000 | 83
66x54 | 31,28 | 00000,10011,10W10,01000,11000 | 71
67x54 | 36,25 | 00010,00000,10W00,00010,00000 | 63006921575
78x74 | 40,37 | 00000,01101,11W00,10000,01000 | 81
64x64 | 32,31 | 00001,10100,01W01,01100,01011 | 46
82x87 | 40,46 | 00001,10001,00W00,10010,00001 | 81
75x63 | 37,32 | 01001,00000,00W00,00010,00000 | 30
